1
10
100
102
104
105
106
108
109
11
110
111
112
113
114
115
116
117
118
119
12
120
122
123
124
125
126
127
128
129
13
130
131
132
135
136
137
138
139
14
140
142
143
144
145
146
147
148
149
15
150
151
152
154
155
156
157
159
16
161
162
163
164
165
166
167
168
17
170
171
172
173
174
175
176
177
178
179
18
181
182
183
184
186
187
188
189
19
190
191
192
193
194
195
196
197
198
199
2
20
200
202
203
204
205
207
208
209
210
211
212
213
214
215
216
217
218
219
22
220
221
222
223
224
225
226
227
228
229
23
230
232
233
234
235
236
237
238
239
24
240
242
243
244
245
246
247
248
249
25
250
251
253
254
255
256
257
258
259
26
260
261
263
265
266
267
268
269
270
273
274
275
276
277
28
283
284
285
286
287
288
289
29
290
291
292
294
295
297
298
299
3
30
300
301
302
303
304
305
306
307
308
309
31
310
311
312
313
314
315
316
317
318
319
320
322
323
325
326
327
328
329
33
330
331
332
333
334
335
336
337
338
340
341
342
343
344
345
346
347
348
349
35
350
351
352
353
354
355
357
358
359
36
360
362
363
364
365
367
368
369
37
370
371
374
375
376
377
378
379
38
381
383
384
385
386
387
389
39
390
392
393
394
395
396
397
398
399
40
400
401
403
404
405
406
407
408
409
41
411
412
413
414
415
416
417
418
42
420
421
422
423
424
425
427
428
43
430
431
432
433
434
435
436
437
438
44
440
441
442
443
446
447
448
449
450
451
452
453
454
455
456
457
458
459
46
460
461
462
463
465
467
469
47
470
471
472
473
474
475
476
477
478
479
48
480
481
482
483
485
486
487
488
489
49
491
492
493
494
495
496
498
499
5
50
500
501
502
503
504
505
506
507
508
509
51
510
511
513
514
515
516
517
518
519
52
520
521
522
523
525
526
528
53
530
531
532
533
534
536
537
538
539
54
540
541
542
543
544
545
549
55
550
551
552
553
554
556
557
558
559
560
561
562
563
565
567
568
570
571
573
574
575
577
578
579
58
580
581
582
583
584
585
586
587
588
589
59
590
591
594
595
596
597
598
599
6
600
601
602
603
606
607
608
609
61
612
613
614
615
617
618
620
621
622
623
624
625
626
627
629
63
630
64
65
67
69
7
70
71
73
74
75
77
78
79
8
80
82
83
86
87
88
89
9
90
91
92
93
94
96
97
98
99
